ten = [{'red': 0.8051916685557893, 'yellow': 0.14539153102543534, 'green': 0.04941680041877539},
{'red': 0.9281214724662946, 'yellow': 0.07167321556396072, 'green': 0.00020531196974468366},
{'red': 0.9325132600698482, 'yellow': 0.06739969278777555, 'green': 8.704714237622612e-05},
{'red': 0.9379948136784184, 'yellow': 0.06192414802235684, 'green': 8.10382992246778e-05},
{'red': 0.9378780833828488, 'yellow': 0.05799943065687226, 'green': 0.00412248596027895},
{'red': 0.8506223684457247, 'yellow': 0.14568863349216327, 'green': 0.003688998062111988},
{'red': 0.13947647008378694, 'yellow': 0.0167791586224372, 'green': 0.8437443712937759},
{'red': 0.0743082943080243, 'yellow': 0.03989368016699119, 'green': 0.8857980255249845},
{'red': 0.07107447341223969, 'yellow': 0.05229711154258425, 'green': 0.8766284150451761},
{'red': 0.02520460768122477, 'yellow': 0.10003580461800948, 'green': 0.8747595877007658},
{'red': 0.026671826902020964, 'yellow': 0.13499388898604794, 'green': 0.8383342841119311},
{'red': 0.014040379570316706, 'yellow': 0.16900437384816422, 'green': 0.8169552465815191},
{'red': 0.09281120051073904, 'yellow': 0.16732636778479185, 'green': 0.7398624317044692}]

five = [{'green': 0.05210147810496423, 'yellow': 0.14338373073879498, 'red': 0.8045147911562407},
{'green': 0.00023285589510899465, 'yellow': 0.06977759018619697, 'red': 0.9299895539186941},
{'green': 8.78967694403954e-05, 'yellow': 0.06618647434590862, 'red': 0.933725628884651},
{'green': 8.149078909082988e-05, 'yellow': 0.061008734350918734, 'red': 0.9389097748599905},
{'green': 0.0041549779440072255, 'yellow': 0.057100747031144525, 'red': 0.9387442750248483},
{'green': 0.0030798120331540623, 'yellow': 0.09435832156881374, 'red': 0.9025618663980322},
{'green': 0.8441392269087977, 'yellow': 0.013549040767594193, 'red': 0.14231173232360805},
{'green': 0.8975360939820828, 'yellow': 0.03663094248952677, 'red': 0.06583296352839044},
{'green': 0.8892394997647843, 'yellow': 0.05632557462606358, 'red': 0.05443492560915221},
{'green': 0.8752022022761654, 'yellow': 0.10592692028024925, 'red': 0.018870877443585374},
{'green': 0.8283687900974058, 'yellow': 0.1449336818522856, 'red': 0.02669752805030856},
{'green': 0.8085294766430197, 'yellow': 0.17712942716204735, 'red': 0.014341096194932984},
{'green': 0.7324352776273043, 'yellow': 0.1728178676021814, 'red': 0.09474685477051435}]

seven = [{'red': 0.8053063685461991, 'green': 0.04960214138442942, 'yellow': 0.14509149006937166},
{'red': 0.9288404112576154, 'green': 0.00020840984395852872, 'yellow': 0.0709511788984261},
{'red': 0.9330398812728034, 'green': 8.7168118576894e-05, 'yellow': 0.06687295060861964},
{'red': 0.9383872573682498, 'green': 8.112367424189821e-05, 'yellow': 0.06153161895750828},
{'red': 0.9381649066151957, 'green': 0.004126654550424502, 'yellow': 0.0577084388343798},
{'red': 0.8360610527312177, 'green': 0.003687800469916508, 'yellow': 0.1602511467988659},
{'red': 0.1380911781691149, 'green': 0.8422342811488874, 'yellow': 0.019674540681997775},
{'red': 0.07380594782861717, 'green': 0.8849318936164866, 'yellow': 0.04126215855489621},
{'red': 0.07398054851955731, 'green': 0.8740872464309256, 'yellow': 0.0519322050495171},
{'red': 0.027871314931234764, 'green': 0.873948268281161, 'yellow': 0.09818041678760424},
{'red': 0.026972358474521115, 'green': 0.8404078187810503, 'yellow': 0.1326198227444285},
{'red': 0.013958151057304666, 'green': 0.818876408973537, 'yellow': 0.1671654399691583},
{'red': 0.09225662994496217, 'green': 0.7416091481653905, 'yellow': 0.16613422188964716}]

six = [{'yellow': 0.14310862037402272, 'green': 0.050679387737955224, 'red': 0.8062119918880221},
{'yellow': 0.07100347508452362, 'green': 0.00021421610408267066, 'red': 0.9287823088113938},
{'yellow': 0.06908702615565733, 'green': 8.706079864904471e-05, 'red': 0.9308259130456936},
{'yellow': 0.06320345068129664, 'green': 8.0932306091913e-05, 'red': 0.9367156170126114},
{'yellow': 0.05902750061636333, 'green': 0.00411418368387614, 'red': 0.9368583156997605},
{'yellow': 0.16061639903188224, 'green': 0.003773831359045977, 'red': 0.8356097696090717},
{'yellow': 0.012489315475670242, 'green': 0.8473355737635334, 'red': 0.14017511076079633},
{'yellow': 0.03724485505806708, 'green': 0.8916404964410612, 'red': 0.07111464850087176},
{'yellow': 0.04897058566528543, 'green': 0.8808008422171602, 'red': 0.0702285721175544},
{'yellow': 0.10071186361021368, 'green': 0.8795193221131047, 'red': 0.0197688142766815},
{'yellow': 0.13624923389015334, 'green': 0.8387976123446835, 'red': 0.02495315376516316},
{'yellow': 0.16931718441284999, 'green': 0.8169004537749761, 'red': 0.01378236181217398},
{'yellow': 0.16746293600077333, 'green': 0.7398252332541183, 'red': 0.09271183074510839}]

import matplotlib.pyplot as plt
import math

def plot_probs(probs: dict, interval: int, color='r-', legend=''):
  timestep = 1/(10/interval) # we take every ith entry from 10/second
  x_axis = [x*timestep for x in range(len(probs['red']))]
  # plt.figure()
  plt.plot(x_axis, probs['red'], color, label=legend)
  # plt.plot(x_axis, probs['green'], 'g-')
  # plt.plot(x_axis, probs['yellow'], 'y-')
  plt.xlabel('time in seconds')
  plt.ylabel('-log(probability) of red light')

plt.figure()
plottable_data = ten
new_dict = {'red': [], 'green': [], 'yellow': []}
for t in range(len(plottable_data)):
  new_dict['red'].append(-math.log(plottable_data[t]['red']))
plot_probs(new_dict, 10, legend='ten')

plottable_data = seven
new_dict = {'red': [], 'green': [], 'yellow': []}
for t in range(len(plottable_data)):
  new_dict['red'].append(-math.log(plottable_data[t]['red']))
plot_probs(new_dict, 10, color='b-', legend='seven')

plottable_data = six
new_dict = {'red': [], 'green': [], 'yellow': []}
for t in range(len(plottable_data)):
  new_dict['red'].append(-math.log(plottable_data[t]['red']))
plot_probs(new_dict, 10, color='g-', legend='six')

plottable_data = five
new_dict = {'red': [], 'green': [], 'yellow': []}
for t in range(len(plottable_data)):
  new_dict['red'].append(-math.log(plottable_data[t]['red']))
plot_probs(new_dict, 10, color='y-', legend='five')

plt.legend(loc="upper left")

plt.show()